itemcode,etfTabCode,itemname,nowVal,risefall,changeVal,changeRate,nav,threeMonthEarnRate,quant,amonut,marketSum
069500,1,KODEX 200,30775,5,-115,-0.37,30761.0,-14.4298,8520894,262842,47455
371460,4,TIGER 차이나전기차SOLACTIVE,17510,2,510,3.0,17554.0,12.6573,11623919,201763,41933
122630,3,KODEX 레버리지,14255,5,-65,-0.45,14282.0,-28.0583,53123036,760029,22095
133690,4,TIGER 미국나스닥100,67165,2,1065,1.61,67140.0,-15.3487,109913,7357,19961
252670,3,KODEX 200선물인버스2X,3360,2,15,0.45,3360.0,34.3373,364059617,1216157,19632
214980,6,KODEX 단기채권PLUS,103765,2,20,0.02,103770.0,-0.0241,450348,46732,18986
102110,1,TIGER 200,30835,5,-110,-0.36,30820.0,-14.4244,2379512,73542,18547
157450,6,TIGER 단기통안채,100945,2,15,0.01,100939.0,0.2134,3550,358,18298
360750,4,TIGER 미국S&P500,12305,2,175,1.44,12310.0,-10.9333,2000351,24539,16335
153130,6,KODEX 단기채권,103405,2,5,0.0,103414.0,0.058,5034338,520655,14516
292150,2,TIGER TOP10,10025,3,0,0.0,10015.0,-16.263,303265,3035,13865
273130,6,KODEX 종합채권(AA-이상)액티브,101140,2,420,0.42,101114.0,-4.9049,1421,143,13701
381180,4,TIGER 미국필라델피아반도체나스닥,9165,2,95,1.05,9171.0,-18.9238,950734,8683,12808
102780,2,KODEX 삼성그룹,8135,5,-40,-0.49,8144.0,-6.6888,512965,4184,12796
381170,4,TIGER 미국테크TOP10 INDXX,9895,2,180,1.85,9899.0,-18.0515,524371,5168,12765
305720,2,KODEX 2차전지산업,18060,5,-720,-3.83,18082.0,4.5016,4309888,79375,12191
305540,2,TIGER 2차전지테마,18490,5,-850,-4.4,18490.0,3.917,3708560,69878,11806
310970,1,TIGER MSCI Korea TR,12550,5,-65,-0.52,12557.0,-14.1253,5221,65,11609
278530,1,KODEX 200TR,10255,5,-40,-0.39,10249.0,-14.3511,90503,931,10675
423160,7,KODEX KOFR금리액티브(합성),100260,2,5,0.0,100257.0,,1366,136,10222
148020,1,KBSTAR 200,30895,5,-40,-0.13,30872.0,-14.8383,675289,20877,10180
114800,3,KODEX 인버스,5040,2,15,0.3,5044.0,16.3194,56739745,285002,8805
233740,3,KODEX 코스닥150레버리지,7565,5,-415,-5.2,7631.0,-33.1939,43629502,342422,8231
394670,4,TIGER 글로벌리튬&2차전지SOLACTIVE(합성),10710,2,140,1.32,10764.0,3.831,316195,3363,7099
139260,2,TIGER 200 IT,26905,5,-150,-0.55,26922.0,-17.9729,304667,8228,6990
091180,2,KODEX 자동차,16815,3,0,0.0,16819.0,-3.9802,549923,9271,6381
278540,1,KODEX MSCI Korea TR,9980,5,-65,-0.65,10005.0,-13.9246,212997,2131,6337
152100,1,ARIRANG 200,31240,5,-110,-0.35,31241.0,-14.5544,249560,7792,5998
293180,1,HANARO 200,30870,5,-90,-0.29,30840.0,-14.4161,42298,1306,5804
357870,7,TIGER CD금리투자KIS(합성),50925,2,10,0.02,50929.0,0.4141,14,0,5615
272580,6,TIGER 단기채권액티브,50520,2,5,0.01,50525.0,0.1784,2417,122,5396
229200,1,KODEX 코스닥150,10350,5,-265,-2.5,10460.0,-17.4316,12757944,134325,5387
360200,4,KINDEX 미국S&P500,12400,2,180,1.47,12410.0,-10.894,62056,767,5258
196230,6,KBSTAR 단기통안채,105235,2,10,0.01,105236.0,0.157,5536,582,5190
294400,1,KOSEF 200TR,37290,5,-105,-0.28,37248.0,-14.4084,4110,153,5034
105190,1,KINDEX 200,30865,5,-95,-0.31,30845.0,-14.4988,272255,8403,4830
190620,6,KINDEX 단기통안채,100585,2,15,0.01,100579.0,0.2242,859,86,4334
251350,4,KODEX 선진국MSCI World,18890,2,370,2.0,18843.0,-11.578,15888,299,4297
364980,2,TIGER KRX2차전지K-뉴딜,13505,5,-235,-1.71,13523.0,4.4311,1272123,17353,4193
315930,2,KODEX Top5PlusTR,14830,5,-65,-0.44,14848.0,-17.6162,13205,195,4078
379800,4,KODEX 미국S&P500TR,10845,2,160,1.5,10854.0,-10.9955,98606,1066,4072
371160,4,TIGER 차이나항셍테크,6690,2,150,2.29,6697.0,7.1253,1065144,7049,4027
385550,6,KBSTAR KIS단기종합채권(AA-이상)액티브,100825,5,-5,0.0,100833.0,0.1141,85416,8613,3992
385540,6,KBSTAR KIS종합채권(A-이상)액티브,93495,2,225,0.24,93501.0,-4.4218,3,0,3895
314250,4,KODEX 미국FANG플러스(H),19370,2,350,1.84,19280.0,-24.6285,43584,838,3783
367380,4,KINDEX 미국나스닥100,11535,2,170,1.5,11534.0,-15.3067,94463,1086,3749
251340,3,KODEX 코스닥150선물인버스,5445,2,140,2.64,5449.0,18.2831,123000503,658240,3719
069660,1,KOSEF 200,30740,5,-105,-0.34,30725.0,-14.5379,320107,9839,3673
148070,6,KOSEF 국고채10년,107820,2,365,0.34,107900.0,-6.3124,5045,545,3655
329750,6,TIGER 미국달러단기채권액티브,11105,2,30,0.27,11102.0,6.5928,155155,1721,3337
379810,4,KODEX 미국나스닥100TR,9890,2,160,1.64,9885.0,-15.3914,106834,1051,3274
226490,1,KODEX 코스피,23530,5,-190,-0.8,23569.0,-13.2724,119165,2816,2824
400970,2,TIGER Fn메타버스,7615,5,-175,-2.25,7635.0,-32.2432,1102582,8504,2749
401470,2,KODEX K-메타버스액티브,7660,5,-155,-1.98,7684.0,-29.9606,1060762,8227,2738
217770,5,TIGER 원유선물인버스(H),2980,2,20,0.68,2987.0,-3.268,3790805,11364,2669
367770,2,KBSTAR Fn수소경제테마,8940,5,-115,-1.27,8950.0,-10.0438,108739,974,2593
414780,4,TIGER 차이나과창판STAR50(합성),8275,2,25,0.3,8457.0,-4.8443,38423,315,2549
143850,4,TIGER 미국S&P500선물(H),44110,2,500,1.15,44113.0,-16.5439,24836,1091,2536
329200,2,TIGER 리츠부동산인프라,5620,5,-80,-1.4,5616.0,-5.2842,774942,4351,2526
332940,1,HANARO MSCI Korea TR,12530,5,-80,-0.63,12547.0,-14.1009,51,0,2519
271050,5,KODEX WTI원유선물인버스(H),4285,2,30,0.71,4285.0,-2.7429,7024925,30235,2481
290130,2,KBSTAR ESG사회책임투자,10220,5,-95,-0.92,10229.0,-15.2216,76650,781,2397
213610,2,KODEX 삼성그룹밸류,7915,5,-35,-0.44,7922.0,-7.4721,54054,429,2375
364960,2,TIGER KRX BBIG K-뉴딜,7550,2,40,0.53,7559.0,-17.4726,532989,4040,2322
394660,4,TIGER 글로벌자율주행&전기차SOLACTIVE,9315,2,95,1.03,9335.0,-12.1905,51751,480,2299
397410,6,KBSTAR 국채선물5년추종인버스,53975,5,-130,-0.24,54012.0,4.1983,57,3,2209
379780,4,KBSTAR 미국S&P500,10715,2,145,1.37,10723.0,-10.8769,27727,296,2164
368590,4,KBSTAR 미국나스닥100,11200,2,180,1.63,11187.0,-15.387,90794,1010,2128
192090,4,TIGER 차이나CSI300,11025,2,135,1.24,11038.0,2.0618,77010,839,2062
091170,2,KODEX 은행,6385,5,-80,-1.24,6385.0,-14.4389,1440069,9284,2002
168580,4,KINDEX 중국본토CSI300,29935,2,760,2.6,29729.0,1.7791,9727,289,1976
091160,2,KODEX 반도체,27130,5,-1800,-6.22,27148.0,-19.979,594762,16275,1953
132030,5,KODEX 골드선물(H),12290,2,35,0.29,12303.0,-6.4147,56259,692,1942
228800,2,TIGER 여행레저,3825,5,-145,-3.65,3832.0,-22.2332,670735,2612,1799
182480,7,TIGER 미국MSCI리츠(합성 H),12720,2,225,1.8,12827.0,-18.408,62856,800,1685
325020,2,KODEX 배당가치,11150,5,-95,-0.84,11143.0,-10.9378,2391,26,1684
412770,4,TIGER 글로벌메타버스액티브,6480,2,65,1.01,6513.0,-24.2622,75026,485,1642
245710,4,KINDEX 베트남VN30(합성),19760,5,-50,-0.25,19938.0,-15.1606,17594,348,1640
275980,4,TIGER 글로벌4차산업혁신기술(합성 H),14015,2,205,1.48,14053.0,-19.0979,9191,128,1626
302450,1,KBSTAR 코스피,23710,5,-165,-0.69,23737.0,-13.5372,1849,43,1589
372330,4,KODEX 차이나항셍테크,6715,2,125,1.9,6712.0,7.6797,196378,1302,1578
401170,2,KBSTAR iSelect메타버스,6915,5,-130,-1.85,6901.0,-33.4436,142511,992,1514
329650,7,KODEX TRF3070,10550,2,35,0.33,10554.0,-7.1524,17417,183,1509
130730,6,KOSEF 단기자금,101340,2,10,0.01,101339.0,0.1185,2873,291,1480
326240,2,KBSTAR IT플러스,15545,5,-110,-0.7,15567.0,-19.9765,10743,167,1467
407310,1,HANARO 200 TOP10,7570,2,40,0.53,7588.0,-10.9193,57,0,1461
409820,4,KODEX 미국나스닥100레버리지(합성 H),4640,2,120,2.65,4637.0,-39.4913,1062129,4898,1457
390950,6,HANARO 단기채권액티브,100755,2,15,0.01,100759.0,0.2039,372766,37567,1451
282000,3,KBSTAR 국고채3년선물인버스,104805,5,-45,-0.04,104805.0,2.9556,31,3,1431
161510,2,ARIRANG 고배당주,11150,5,-150,-1.33,11153.0,-8.1898,103321,1156,1428
143860,2,TIGER 헬스케어,27100,5,-5,-0.02,27299.0,-14.9781,103279,2825,1382
219480,4,KODEX 미국S&P500선물(H),18075,2,210,1.18,18088.0,-16.9843,20859,376,1292
252710,3,TIGER 200선물인버스2X,3515,2,20,0.57,3516.0,34.423,14511455,50765,1265
138540,2,TIGER 현대차그룹+펀더멘털,20815,5,-105,-0.5,20825.0,-3.5412,12994,271,1232
328370,1,ARIRANG 코스피TR,11980,5,-90,-0.75,12016.0,-13.4457,956,11,1228
283580,4,KODEX 차이나CSI300,13560,2,230,1.73,13493.0,2.1455,144794,1936,1220
295040,1,SOL 200TR,10685,5,-40,-0.37,10660.0,-14.2686,16853,180,1218
232080,1,TIGER 코스닥150,10635,5,-265,-2.43,10707.0,-17.3554,311198,3327,1215
415340,4,KODEX 차이나과창판STAR50(합성),8355,2,110,1.33,8596.0,-6.0399,6039,50,1170
363570,6,KODEX 장기종합채권(AA-이상)액티브KAP,85225,2,820,0.97,84943.0,-7.9654,362,30,1157
273140,6,KODEX 단기변동금리부채권액티브,103595,5,-15,-0.01,103597.0,0.3146,406,42,1148
309230,4,KINDEX 미국WideMoat가치주,16530,2,215,1.32,16628.0,-9.9614,10735,177,1141
091230,2,TIGER 반도체,27815,5,-85,-0.3,27820.0,-24.6842,191958,5370,1140
363510,6,SOL KIS단기통안채,100980,3,0,0.0,101011.0,0.1636,0,0,1134
114260,6,KODEX 국고채3년,55685,2,30,0.05,55721.0,-2.488,14924,831,1125
204480,4,TIGER 차이나CSI300레버리지(합성),26355,2,950,3.74,26639.0,-0.7618,221114,5786,1123
332930,1,HANARO 200TR,37355,5,-85,-0.23,37283.0,-14.4425,29128,1088,1121
411420,4,KODEX 미국메타버스나스닥액티브,6460,2,95,1.49,6477.0,-23.1281,219583,1413,1118
270810,1,KBSTAR 코스닥150,10335,5,-250,-2.36,10393.0,-18.1805,68034,718,1085
150460,2,TIGER 중국소비테마,6505,5,-70,-1.06,6514.0,-13.827,51202,339,1069
385560,6,KBSTAR KIS국고채30년Enhanced,71715,2,730,1.03,71690.0,-18.879,18486,1333,1069
228810,2,TIGER 미디어컨텐츠,6150,5,-205,-3.23,6159.0,-33.1897,241136,1515,1068
245360,4,TIGER 차이나HSCEI,10220,2,180,1.79,10223.0,6.5251,11397,115,1053
261220,5,KODEX WTI원유선물(H),17820,5,-150,-0.83,17829.0,-3.0483,215798,3826,1047
417630,2,TIGER KEDI혁신기업ESG30,8735,2,30,0.34,8739.0,-16.0964,264161,2322,1013
395170,2,KODEX Fn Top10동일가중,7070,2,20,0.28,7073.0,-9.3131,1889,13,990
365780,6,KINDEX 국고채10년,85705,2,260,0.3,85794.0,-6.156,785,67,972
400570,4,KODEX 유럽탄소배출권선물ICE(H),12950,5,-260,-1.97,12968.0,5.2589,47576,615,939
261240,7,KODEX 미국달러선물,11505,2,45,0.39,11505.0,6.4066,102604,1179,934
305080,6,TIGER 미국채10년선물,11860,2,120,1.02,11866.0,0.5136,53469,634,913
419430,4,KODEX 차이나2차전지MSCI(합성),11810,2,255,2.21,11948.0,15.4345,92367,1077,909
245340,4,TIGER 미국다우존스30,19900,2,290,1.48,19928.0,-6.9558,7078,140,907
304940,4,KODEX 미국나스닥100선물(H),14575,2,190,1.32,14546.0,-20.9181,45654,662,896
414270,4,KINDEX G2전기차&자율주행액티브,9800,2,155,1.61,9913.0,-3.9821,242268,2358,892
367760,2,KBSTAR Fn5G테크,7490,5,-90,-1.19,7481.0,-21.1239,11326,85,835
123310,3,TIGER 인버스,5615,2,15,0.27,5615.0,16.6666,1389370,7779,831
278240,3,KBSTAR 코스닥150선물레버리지,8175,5,-465,-5.38,8165.0,-32.6316,30977,258,826
277630,1,TIGER 코스피,23910,5,-165,-0.69,23909.0,-13.3027,7611,182,825
144600,5,KODEX 은선물(H),4325,2,5,0.12,4321.0,-17.0826,91082,392,822
272560,6,KBSTAR 단기국공채액티브,102250,5,-25,-0.02,102250.0,-0.3605,440,45,803
397420,6,KBSTAR 국채선물5년추종,46715,2,30,0.06,46730.0,-3.633,2,0,793
139220,2,TIGER 200 건설,2325,5,-80,-3.33,2327.0,-21.6102,677644,1596,786
395750,2,ARIRANG ESG가치주액티브,7355,5,-105,-1.41,7388.0,-13.427,277,2,772
364970,2,TIGER KRX바이오K-뉴딜,6255,2,85,1.38,6266.0,-13.7063,701976,4396,766
298340,6,ARIRANG 국채선물3년,51420,2,35,0.07,51402.0,-2.8823,18,0,753
267770,3,TIGER 200선물레버리지,10820,5,-35,-0.32,10783.0,-27.8258,596233,6448,747
337160,2,KODEX 200ESG,11275,5,-90,-0.79,11317.0,-14.0318,289,3,744
139280,2,TIGER 경기방어,9170,2,115,1.27,9183.0,-9.0499,3241,29,732
322400,2,HANARO e커머스,12760,2,35,0.28,12771.0,-23.1815,7293,93,721
174360,4,KBSTAR 중국본토대형주CSI100,20025,2,205,1.03,20085.0,2.1649,2385,47,721
325010,2,KODEX Fn성장,12705,5,-135,-1.05,12780.0,-17.2894,29,0,699
363580,2,KODEX 200IT TR,10100,5,-185,-1.8,10231.0,-17.7858,564,5,677
195980,4,ARIRANG 신흥국MSCI(합성 H),9420,5,-50,-0.53,9429.0,-11.3711,11661,109,676
139230,2,TIGER 200 중공업,2835,5,-50,-1.73,2845.0,-9.1339,935448,2693,673
114820,6,TIGER 국채3년,105055,2,75,0.07,105081.0,-2.4132,437,45,662
402970,4,KINDEX 미국고배당S&P,10145,2,75,0.74,10157.0,-3.8756,12882,130,649
396510,4,TIGER 차이나클린에너지SOLACTIVE,10180,2,5,0.05,10241.0,3.457,62955,639,647
152870,1,파워 200,31200,5,-75,-0.24,31190.0,-14.5235,104,3,640
298770,4,KODEX 한국대만IT프리미어,16390,5,-315,-1.89,16329.0,-13.4008,2593,42,639
157490,2,TIGER 소프트웨어,10125,2,80,0.8,10137.0,-29.1558,64530,651,638
385510,2,KODEX K-신재생에너지액티브,9785,5,-290,-2.88,9805.0,-4.4118,38492,381,636
371470,4,TIGER 차이나바이오테크SOLACTIVE,7905,2,60,0.76,7950.0,-4.0367,26301,207,632
266160,2,KBSTAR 고배당,10850,5,-80,-0.73,10859.0,-11.1744,4156,45,618
390390,4,KODEX 미국반도체MV,9190,2,30,0.33,9261.0,-17.5147,35832,329,616
200250,4,KOSEF 인도Nifty50(합성),17100,2,210,1.24,17230.0,-8.2813,11102,187,599
195930,4,TIGER 유로스탁스50(합성 H),11960,2,60,0.5,12027.0,-9.8485,4296,51,598
391600,4,KINDEX 미국친환경그린테마INDXX,9490,2,110,1.17,9573.0,-6.9445,2444,23,598
225040,4,TIGER 미국S&P500레버리지(합성 H),22555,2,425,1.92,22593.0,-32.0019,12562,281,595
228790,2,TIGER 화장품,2060,5,-35,-1.67,2064.0,-23.8182,1109475,2304,595
117700,2,KODEX 건설,2555,5,-95,-3.58,2557.0,-23.0323,728469,1883,593
302190,6,TIGER 중장기국채,47840,2,85,0.18,47892.0,-4.3466,399,19,584
423920,4,TIGER 미국필라델피아반도체레버리지(합성),7930,2,135,1.73,7971.0,,42860,337,578
385520,2,KODEX K-미래차액티브,8940,5,-160,-1.76,8979.0,-10.5476,54084,485,577
388280,2,KBSTAR Fn컨택트대표,7630,5,-115,-1.48,7636.0,-17.8075,6709,51,571
099140,4,KODEX 차이나H,17540,2,345,2.01,17608.0,6.011,7140,124,544
354350,4,HANARO 글로벌럭셔리S&P(합성),14945,2,70,0.47,14978.0,-12.8844,4747,70,540
256750,4,KODEX 차이나심천ChiNext(합성),12830,2,280,2.23,12881.0,1.0873,17030,215,539
396500,2,TIGER Fn반도체TOP10,7115,5,-55,-0.77,7113.0,-23.6585,169290,1207,530
204450,4,KODEX 차이나H레버리지(H),3015,2,85,2.9,3009.0,-3.1405,279276,826,528
387270,4,TIGER 글로벌BBIG액티브,9680,2,80,0.83,9722.0,-10.9875,11223,108,527
422420,2,KBSTAR 2차전지액티브,9190,5,-345,-3.62,9184.0,,386522,3608,526
310960,1,TIGER 200TR,16710,5,-55,-0.33,16687.0,-14.508,3767,62,518
419890,6,히어로즈 단기채권ESG액티브,99665,2,35,0.04,99658.0,-0.5739,2,0,498
387280,2,TIGER 퓨처모빌리티액티브,8810,5,-270,-2.97,8765.0,-11.3715,14909,133,497
122260,6,KOSEF 통안채1년,100900,3,0,0.0,100895.0,-0.4047,3,0,494
400590,4,SOL 글로벌탄소배출권선물IHS(합성),12360,5,-205,-1.63,12460.0,8.5998,13804,170,470
256440,4,KINDEX 인도네시아MSCI(합성),9965,5,-10,-0.1,10191.0,-2.2059,22120,219,468
152380,6,KODEX 국채선물10년,61990,2,200,0.32,61945.0,-6.2652,6245,387,465
315960,2,KBSTAR 대형고배당10TR,13210,5,-50,-0.38,13197.0,-12.8492,1109,14,456
276970,4,KODEX 미국S&P고배당커버드콜(합성 H),8960,2,50,0.56,8963.0,-9.991,37888,340,448
371450,4,TIGER 글로벌클라우드컴퓨팅INDXX,7755,2,205,2.72,7808.0,-19.8514,6311,48,447
261260,7,KODEX 미국달러선물인버스2X,7275,5,-40,-0.55,7274.0,-12.3953,265482,1932,440
136340,6,KBSTAR 중기우량회사채,101290,5,-10,-0.01,101332.0,-2.3474,876,88,436
269540,4,ARIRANG 미국S&P500(H),15930,2,160,1.01,15921.0,-15.4651,8787,139,430
368190,2,HANARO Fn K-뉴딜디지털플러스,8415,5,-5,-0.06,8417.0,-11.5454,2883,24,429
341850,7,TIGER 리츠부동산인프라채권TR KIS,5360,5,-60,-1.11,5383.0,-5.3771,4286,23,426
225800,7,KOSEF 미국달러선물레버리지,11485,2,55,0.48,11494.0,13.1123,6920,79,418
252420,3,KBSTAR 200선물인버스2X,3335,2,25,0.76,3342.0,32.9317,692214,2299,417
418660,4,TIGER 미국나스닥100레버리지(합성),7790,2,240,3.18,7779.0,-30.7658,1476945,11419,417
233160,3,TIGER 코스닥150 레버리지,8240,5,-490,-5.61,8252.0,-32.1679,424732,3609,416
137610,5,TIGER 농산물선물Enhanced(H),8110,5,-235,-2.82,8202.0,-0.6548,132289,1081,414
361580,1,KBSTAR 200TR,16135,5,-55,-0.34,16126.0,-14.384,20473,330,403
385720,1,TIMEFOLIO Kstock액티브,7855,5,-125,-1.57,7883.0,-16.9183,24142,190,401
117680,2,KODEX 철강,7250,5,-245,-3.27,7267.0,-15.6634,313595,2291,396
241180,4,TIGER 일본니케이225,14875,2,150,1.02,14906.0,-9.1891,556,8,393
411060,5,KINDEX KRX금현물,11080,2,70,0.64,11051.0,0.1819,32007,354,388
356540,6,KINDEX 종합채권(AA-이상)KIS액티브,91865,2,425,0.46,91685.0,-4.6656,1,0,387
203780,4,TIGER 미국나스닥바이오,17500,2,565,3.34,17472.0,-8.286,7742,134,385
123320,3,TIGER 레버리지,13635,5,-120,-0.87,13642.0,-27.6434,169290,2325,382
138230,7,KOSEF 미국달러선물,13645,2,45,0.33,13643.0,6.5413,7485,102,379
130680,5,TIGER 원유선물Enhanced(H),5395,5,-55,-1.01,5404.0,-1.6246,441344,2359,378
102970,2,KODEX 증권,5860,5,-45,-0.76,5859.0,-19.5505,86635,509,375
359210,1,KODEX 코스피TR,10985,5,-85,-0.77,10989.0,-13.0401,1077,11,373
300640,2,KBSTAR 게임테마,11165,5,-380,-3.29,11175.0,-31.1035,72688,820,368
114460,6,KINDEX 국고채3년,101270,2,330,0.33,101298.0,-2.7,20,2,365
407830,4,에셋플러스 글로벌플랫폼액티브,5685,2,55,0.98,5738.0,-26.0184,12205,69,364
394350,4,KOSEF 릭소글로벌퓨처모빌리티MSCI,9535,5,-65,-0.68,9690.0,-9.0048,3842,36,362
244580,2,KODEX 바이오,7910,5,-220,-2.71,8017.0,-20.9913,63762,510,361
292190,1,KODEX KRX300,14190,5,-35,-0.25,14181.0,-15.1203,7973,113,355
114470,6,KOSEF 국고채3년,106625,2,120,0.11,106674.0,-2.5314,702,74,352
261270,7,KODEX 미국달러선물인버스,8805,5,-25,-0.28,8803.0,-6.1637,90671,798,350
365000,2,TIGER KRX인터넷K-뉴딜,5560,5,-50,-0.89,5557.0,-38.9488,51266,285,350
279530,2,KODEX 고배당,8950,5,-150,-1.65,8969.0,-8.6071,21374,192,349
284430,6,KODEX 200미국채혼합,11890,2,55,0.46,11887.0,-6.2203,23159,275,333
108450,2,KINDEX 삼성그룹섹터가중,13585,5,-30,-0.22,13586.0,-7.4314,2439,33,326
376410,2,TIGER 탄소효율그린뉴딜,7495,5,-65,-0.86,7519.0,-14.932,36809,278,322
336160,6,KBSTAR 금융채액티브,99005,5,-40,-0.04,99043.0,-2.534,5,0,317
404260,2,KODEX KRX기후변화솔루션,8280,5,-155,-1.84,8298.0,-3.6441,521,4,315
332500,1,KINDEX 200TR,19195,5,-60,-0.31,19117.0,-14.1935,526,10,307
266360,2,KODEX 미디어&엔터테인먼트,14575,2,60,0.41,14564.0,-29.4464,4970,72,306
219390,4,KBSTAR 미국S&P원유생산기업(합성 H),5560,5,-235,-4.06,5777.0,0.695,133159,743,303
227540,2,TIGER 200 헬스케어,17200,2,45,0.26,17249.0,-13.5115,4684,81,303
404540,2,TIGER KRX기후변화솔루션,8345,5,-110,-1.3,8344.0,-4.3444,1837,15,300
169950,4,KODEX 차이나A50,21420,2,335,1.59,21527.0,4.0977,6784,144,300
381560,2,HANARO Fn전기&수소차,7540,5,-200,-2.58,7548.0,-4.4445,13334,101,294
326230,2,KBSTAR 내수주플러스,7840,2,5,0.06,7834.0,-14.3997,895,6,289
304780,3,HANARO 200선물레버리지,15460,5,-240,-1.53,15617.0,-27.8659,1068,16,286
266370,2,KODEX IT,15535,5,-205,-1.3,15552.0,-17.0313,2470,38,280
248270,4,TIGER S&P글로벌헬스케어(합성),18515,2,515,2.86,18509.0,-5.6851,4177,77,278
210780,2,TIGER 코스피고배당,13045,5,-185,-1.4,13047.0,-11.9058,4058,53,274
304660,6,KODEX 미국채울트라30년선물(H),9645,2,105,1.1,9659.0,-13.8601,27033,261,270
332620,6,ARIRANG 미국장기우량회사채,88000,2,50,0.06,88384.0,-5.6382,160,14,264
304770,1,HANARO 코스닥150,10520,5,-95,-0.89,10464.0,-17.4701,57,0,263
139270,2,TIGER 200 금융,6070,5,-40,-0.65,6056.0,-12.7019,10270,62,262
385600,2,KINDEX 친환경자동차밸류체인액티브,8980,5,-335,-3.6,8975.0,-2.522,2465,22,260
239660,6,ARIRANG 우량회사채50 1년,108380,2,45,0.04,108384.0,-0.4915,252,27,260
287180,4,ARIRANG 미국나스닥테크,19240,2,235,1.24,19223.0,-17.9582,7904,151,260
337140,2,KODEX 코스피대형주,11285,5,-40,-0.35,11284.0,-12.9182,900,10,260
399110,4,SOL 미국S&P500ESG,9555,2,135,1.43,9562.0,-10.9978,8581,81,258
395760,2,ARIRANG ESG성장주액티브,7260,5,-45,-0.62,7257.0,-13.0875,6410,46,258
236350,4,TIGER 인도니프티50레버리지(합성),21000,2,330,1.6,21273.0,-13.406,1514,31,256
250780,3,TIGER 코스닥150선물인버스,5565,2,130,2.39,5570.0,18.2807,5566461,30386,256
428560,4,KODEX 미국ETF산업Top10 Indxx,9820,2,125,1.29,10019.0,,41981,410,255
266420,2,KODEX 헬스케어,11860,2,15,0.13,11966.0,-14.8149,8015,95,249
217780,4,TIGER 차이나CSI300인버스(합성),7710,5,-90,-1.15,7612.0,-2.7432,4849,37,247
396520,4,TIGER 차이나반도체FACTSET,7410,2,140,1.93,7396.0,-13.2976,22927,168,246
411540,1,SOL 200 Top10,7670,5,-30,-0.39,7759.0,-11.0341,16,0,245
332610,6,ARIRANG 미국단기우량회사채,106120,5,-85,-0.08,106588.0,5.1742,229,24,244
319640,4,TIGER 골드선물(H),13165,2,40,0.3,13172.0,-6.1159,19933,262,244
375770,2,KODEX 탄소효율그린뉴딜,7520,5,-45,-0.59,7525.0,-14.2388,1910,14,241
243880,2,TIGER 200IT레버리지,31010,5,-625,-1.98,31191.0,-33.4211,3754,117,240
269420,4,KODEX S&P글로벌인프라(합성),13535,5,-50,-0.37,13610.0,0.4807,8475,114,239
160580,5,TIGER 구리실물,10130,5,-215,-2.08,10336.0,-9.4134,28860,292,238
181480,7,KINDEX 미국다우존스리츠(합성 H),82600,2,2090,2.6,82277.0,-16.2184,53,4,231
385590,2,KINDEX ESG액티브,6980,5,-105,-1.48,6987.0,-17.3665,901,6,230
364990,2,TIGER KRX게임K-뉴딜,7180,2,35,0.49,7193.0,-23.9813,147751,1057,230
176950,6,KODEX 국채선물10년인버스,53180,5,-110,-0.21,53166.0,6.7935,524,27,230
276650,4,KBSTAR 글로벌4차산업IT(합성 H),17475,2,205,1.19,17425.0,-21.2315,372,6,227
138520,2,TIGER 삼성그룹펀더멘털,9925,5,-90,-0.9,9939.0,-7.5511,8236,82,226
114100,6,KBSTAR 국고채3년,107265,2,190,0.18,107276.0,-2.5271,262,28,225
388420,2,KBSTAR 비메모리반도체액티브,7725,5,-40,-0.52,7744.0,-24.5238,49457,383,222
377990,2,TIGER Fn신재생에너지,8535,5,-100,-1.16,8551.0,-4.9951,66214,572,222
117460,2,KODEX 에너지화학,15410,5,-255,-1.63,15432.0,-2.1672,11432,177,216
218420,4,KODEX 미국S&P에너지(합성),10955,5,-100,-0.9,11202.0,2.8372,72617,790,213
365040,1,TIGER AI코리아그로스액티브,10520,5,-75,-0.71,10530.0,-14.0017,1980,20,210
329670,7,KODEX TRF7030,12315,3,0,0.0,12329.0,-8.3706,406,4,209
277540,4,KINDEX 아시아TOP50S&P,12605,5,-40,-0.32,12651.0,-3.5837,1275,15,208
252000,1,TIGER 200동일가중,10390,5,-205,-1.93,10465.0,-11.7819,18,0,208
280930,4,KODEX 미국러셀2000(H),10935,2,130,1.2,10914.0,-19.3356,2925,31,208
329660,7,KODEX TRF5050,11465,2,20,0.17,11444.0,-7.3655,1350,15,206
230480,7,KOSEF 미국달러선물인버스2X,6405,5,-25,-0.39,6389.0,-12.3382,9248,59,206
237370,7,KODEX 배당성장채권혼합,11230,5,-45,-0.4,11243.0,-4.9727,1935,21,202
261250,7,KODEX 미국달러선물레버리지,12060,2,60,0.5,12062.0,13.1541,217454,2619,201
271060,5,KODEX 3대농산물선물(H),13670,5,-325,-2.32,13704.0,-7.01,67069,922,201
385710,2,TIMEFOLIO 이노베이션액티브,7715,5,-100,-1.28,7723.0,-16.0129,1102,8,201
174350,2,TIGER 로우볼,10975,5,-25,-0.23,10965.0,-7.8264,35,0,198
139250,2,TIGER 200 에너지화학,15895,5,-230,-1.43,15919.0,-1.5809,85517,1378,194
140710,2,KODEX 운송,5350,5,-150,-2.73,5353.0,-11.2044,100019,541,193
265690,4,KINDEX 러시아MSCI(합성),10070,3,0,0.0,513.0,0.0,0,0,186
306520,3,HANARO 200선물인버스,11610,2,30,0.26,11627.0,16.3234,28699,332,186
292160,1,TIGER KRX300,14215,5,-70,-0.49,14192.0,-14.6451,920,13,185
426150,6,WOORI 대한민국국고채액티브,49255,2,180,0.37,49228.0,,4,0,184
401590,4,HANARO 글로벌탄소배출권선물ICE(합성),12195,5,-255,-2.05,12288.0,8.544,5059,61,183
168300,1,KTOP 코스피50,21410,2,40,0.19,21378.0,-15.1682,132,2,180
395280,2,HANARO Fn K-게임,5580,5,-40,-0.71,5579.0,-26.8801,31114,171,179
308620,6,KODEX 미국채10년선물,11640,2,115,1.0,11633.0,0.5233,8721,101,175
395290,2,HANARO Fn K-POP&미디어,6750,5,-140,-2.03,6758.0,-32.4974,2692,18,172
140700,2,KODEX 보험,6370,5,-80,-1.24,6371.0,-6.9936,238747,1532,172
360140,2,KODEX 200롱코스닥150숏선물,10745,2,155,1.46,10887.0,1.3882,130359,1378,172
300950,2,KODEX 게임산업,8980,5,-115,-1.26,8986.0,-27.3969,72880,658,171
102960,2,KODEX 기계장비,5105,5,-85,-1.64,5104.0,-2.2967,10999,56,165
352560,7,KODEX 다우존스미국리츠(H),12590,2,300,2.44,12564.0,-15.7065,1753,21,164
253160,3,ARIRANG 200선물인버스2X,6750,2,50,0.75,6762.0,33.4661,242961,1639,159
421320,2,ARIRANG iSelect우주항공&UAM,8570,5,-145,-1.66,8567.0,,33962,293,159
213630,4,ARIRANG 미국다우존스고배당주(합성 H),15295,5,-60,-0.39,15336.0,-8.9805,6630,101,158
400580,4,SOL 유럽탄소배출권선물S&P(H),13070,5,-295,-2.21,13061.0,6.5789,20987,273,157
252400,3,KBSTAR 200선물레버리지,12985,5,-80,-0.61,12986.0,-27.957,6294,81,156
139240,2,TIGER 200 철강소재,7540,5,-210,-2.71,7553.0,-15.2079,7805,59,155
211900,2,KODEX 배당성장,12415,5,-135,-1.08,12433.0,-12.7685,3853,48,155
237350,1,KODEX 코스피100,23730,5,-45,-0.19,23709.0,-14.1821,2759,65,154
245350,4,TIGER 유로스탁스배당30,10995,2,180,1.66,11077.0,-8.0748,4142,45,154
395160,2,KODEX Fn시스템반도체,7300,5,-15,-0.21,7296.0,-19.8269,25157,183,153
289260,2,TIGER MSCI KOREA ESG리더스,8350,5,-90,-1.07,8398.0,-15.8777,61,0,153
251590,2,ARIRANG 고배당저변동50,10465,5,-135,-1.27,10503.0,-6.4349,1171,12,152
225130,4,KINDEX 골드선물 레버리지(합성 H),16820,2,35,0.21,16928.0,-12.0514,3678,62,151
276990,4,KODEX 글로벌4차산업로보틱스(합성),13870,2,205,1.5,13879.0,-19.523,3123,43,151
428510,4,KODEX 차이나메타버스액티브,11055,5,-45,-0.41,11183.0,,7473,82,149
289040,2,KODEX MSCI KOREA ESG유니버설,9190,5,-50,-0.54,9198.0,-15.0111,3,0,147
354500,1,KINDEX 코스닥150,10405,5,-280,-2.62,10489.0,-18.9794,2480,26,146
253250,3,KOSEF 200선물레버리지,12850,5,-40,-0.31,12823.0,-28.0692,6390,81,145
227830,1,ARIRANG 코스피,24035,5,-250,-1.03,24099.0,-13.5796,428,10,144
292730,1,FOCUS KRX300,14240,5,-185,-1.28,14274.0,-14.3612,3,0,142
373790,4,KOSEF 미국방어배당성장나스닥,12865,2,210,1.66,12948.0,-2.2176,1785,22,142
300610,2,TIGER K게임,9700,5,-315,-3.15,9702.0,-31.0357,42626,413,141
153270,1,KOSEF 코스피100,23185,5,-35,-0.15,23155.0,-14.45,210,4,139
266410,2,KODEX 필수소비재,6930,2,55,0.8,6943.0,-11.3476,21862,151,139
182490,6,TIGER 단기선진하이일드(합성 H),11520,5,-60,-0.52,11528.0,-4.7306,354,4,138
238720,4,KINDEX 일본Nikkei225(H),17225,5,-15,-0.09,17266.0,-3.741,35,0,138
276000,4,TIGER 글로벌자원생산기업(합성 H),14490,5,-565,-3.75,14671.0,-9.9582,3264,47,138
227570,2,TIGER 우량가치,9930,5,-160,-1.59,9926.0,-11.499,1260,12,137
183700,7,KBSTAR 채권혼합,56750,2,60,0.11,56727.0,-6.1393,174,9,136
411720,4,KBSTAR 글로벌메타버스Moorgate,7500,2,35,0.47,7574.0,-16.9171,1451,10,135
331910,2,KOSEF Fn중소형,18675,5,-540,-2.81,18635.0,-18.4458,74,1,134
122090,1,ARIRANG 코스피50,21090,5,-70,-0.33,21160.0,-15.119,689,14,133
411050,4,KINDEX 글로벌메타버스테크액티브,6605,2,140,2.17,6666.0,-23.9412,1008,6,132
241390,7,KBSTAR V&S셀렉트밸류채권혼합,10855,5,-35,-0.32,10853.0,-7.6963,1344,14,130
285690,2,FOCUS ESG리더스,9550,5,-100,-1.04,9522.0,-9.3897,57,0,129
253290,7,KBSTAR 헬스케어채권혼합,10650,5,-20,-0.19,10646.0,-6.8041,4015,42,128
419420,4,KODEX 미국클린에너지나스닥,9070,2,25,0.28,9184.0,-9.0498,4976,44,127
360150,2,KODEX 코스닥150롱코스피200숏선물,8440,5,-185,-2.14,8362.0,-2.0443,1244,10,127
223190,2,KODEX 200가치저변동,8990,5,-60,-0.66,8993.0,-11.8879,86,0,126
278620,6,ARIRANG 단기채권액티브,105855,2,70,0.07,105858.0,-0.522,23,2,125
422260,2,VITA MZ소비액티브,7300,5,-70,-0.95,7386.0,,52251,386,124
322410,2,HANARO 고배당,10245,5,-80,-0.77,10259.0,-7.1827,1190,12,123
429760,4,ARIRANG 미국S&P500,9365,2,135,1.46,9377.0,,1157,10,122
211560,2,TIGER 배당성장,15470,5,-145,-0.93,15470.0,-12.5358,167,2,121
138910,5,KODEX 구리선물(H),7020,5,-125,-1.75,7036.0,-16.9187,14924,104,119
413220,4,SOL 차이나태양광CSI(합성),9880,2,40,0.41,9886.0,8.1318,33331,328,119
337150,2,KODEX 200exTOP,10640,5,-30,-0.28,10600.0,-12.8909,1,0,117
138530,2,TIGER LG그룹+펀더멘털,8590,2,50,0.59,8579.0,-11.3649,5189,44,115
251600,7,ARIRANG 고배당주채권혼합,10455,5,-45,-0.43,10462.0,-4.7101,9433,99,115
196030,4,KINDEX 일본TOPIX레버리지(H),18970,5,-30,-0.16,18960.0,-6.954,106,2,114
409810,4,KODEX 미국나스닥100선물인버스(H),13370,5,-205,-1.51,13386.0,22.7951,154218,2068,114
426030,4,TIMEFOLIO 미국나스닥100액티브,9465,2,85,0.91,9508.0,,162,1,114
426020,4,TIMEFOLIO 미국S&P500액티브,9450,2,75,0.8,9498.0,,2,0,113
200030,4,KODEX 미국S&P산업재(합성),19675,2,275,1.42,19659.0,-11.3346,422,8,113
219900,4,KINDEX 중국본토CSI300레버리지(합성),4700,2,120,2.62,4729.0,1.7777,5795,26,113
404120,2,TIMEFOLIO 탄소중립액티브,7950,5,-150,-1.85,7973.0,-6.7895,64,0,111
244670,2,KODEX 밸류Plus,7895,5,-135,-1.68,7884.0,-12.365,254,2,111
289250,2,TIGER MSCI KOREA ESG유니버설,9210,5,-85,-0.91,9190.0,-14.3082,1,0,111
306950,3,KODEX KRX300레버리지,11050,5,-140,-1.25,11031.0,-27.9923,14168,157,111
399580,4,KBSTAR 글로벌클린에너지S&P,9160,2,60,0.66,9085.0,-1.0332,9873,89,110
316670,1,KOSEF 코스닥150,5180,5,-120,-2.26,5228.0,-17.944,3940,20,110
415760,4,SOL 차이나육성산업액티브(합성),8445,5,-95,-1.11,8698.0,-3.7747,7874,65,110
104530,2,KOSEF 고배당,8130,5,-65,-0.79,8136.0,-12.7542,9449,76,110
390400,4,KODEX 미국스마트모빌리티S&P,6790,2,75,1.12,6782.0,-16.4282,2549,17,109
413930,2,WOORI AI ESG액티브,7760,5,-70,-0.89,7794.0,-13.0484,60055,469,109
412570,2,TIGER KRX2차전지K-뉴딜레버리지,6200,5,-250,-3.88,6200.0,8.4033,73440,461,109
429000,4,TIGER 미국S&P500배당귀족,9390,2,85,0.91,9421.0,,6994,65,108
272910,6,KINDEX 중장기국공채액티브,94855,2,350,0.37,94710.0,-3.9047,31,2,107
248260,4,TIGER 일본TOPIX헬스케어(합성),10605,2,195,1.87,10669.0,-2.6648,98,1,106
091220,2,TIGER 은행,6710,5,-80,-1.18,6716.0,-14.6557,41752,281,106
185680,4,KODEX 미국S&P바이오(합성),20445,2,785,3.99,20402.0,-17.4297,2708,55,105
250730,4,KBSTAR 차이나HSCEI(H),8675,2,45,0.52,8744.0,0.6413,206,1,104
292560,7,TIGER 일본엔선물,9420,2,90,0.96,9442.0,-5.6623,39478,370,104
140950,1,파워 코스피100,23400,3,0,0.0,23396.0,-14.3736,41,0,103
407820,2,에셋플러스 코리아플랫폼액티브,6430,5,-85,-1.3,6410.0,-28.9919,8468,54,103
279540,2,KODEX 최소변동성,10150,3,0,0.0,10044.0,-10.9962,0,0,102
368680,2,KODEX Fn K-뉴딜디지털플러스,8430,5,-10,-0.12,8441.0,-11.3725,526,4,101
418670,4,TIGER 글로벌사이버보안INDXX,9665,2,135,1.42,9743.0,-13.9504,4334,41,101
292500,1,SOL KRX300,14270,5,-5,-0.04,14250.0,-15.1107,710,10,100
430500,7,KOSEF 물가채KIS,99665,5,-335,-0.33,99688.0,,392,39,100
310080,4,KBSTAR 중국MSCI China(H),9415,5,-75,-0.79,9480.0,1.6604,330,3,99
285000,2,KBSTAR 200IT,12045,5,-60,-0.5,12018.0,-17.8097,11,0,99
195920,4,TIGER 일본TOPIX(합성 H),15400,5,-5,-0.03,15372.0,-2.8995,5612,86,99
138920,5,KODEX 콩선물(H),14035,5,-425,-2.94,14029.0,-2.79,4664,65,98
225060,4,TIGER 이머징마켓MSCI레버리지(합성 H),7850,5,-50,-0.63,7934.0,-22.4731,2101,16,97
352540,7,KODEX TSE일본리츠(H),12135,2,35,0.29,12248.0,-3.9683,43,0,97
139660,7,KOSEF 미국달러선물인버스,9165,5,-35,-0.38,9169.0,-6.2182,3632,33,96
229720,1,KODEX KTOP30,16030,3,0,0.0,16045.0,-14.1909,163,2,96
104520,2,KOSEF 블루칩,7970,3,0,0.0,7961.0,-12.3213,2236,17,96
354240,7,KBSTAR 미국고정배당우선증권ICE TR,9985,2,145,1.47,9955.0,-3.0065,1678,16,95
225030,4,TIGER 미국S&P500선물인버스(H),4300,5,-95,-2.16,4302.0,18.3041,108981,468,95
423170,4,SOL 한국형글로벌반도체액티브,8570,5,-50,-0.58,8675.0,,8993,76,94
292050,1,KBSTAR KRX300,14425,5,-25,-0.17,14406.0,-14.7795,71,1,94
267450,6,KBSTAR 미국장기국채선물인버스(H),9315,5,-100,-1.06,9315.0,10.6995,11656,108,93
429980,7,SOL 한국형글로벌전기차&2차전지액티브,10170,2,250,2.52,10193.0,,6085,61,92
272570,6,KBSTAR 중장기국공채액티브,97220,2,140,0.14,97314.0,-3.7764,71,6,91
225050,4,TIGER 유로스탁스레버리지(합성 H),6525,2,90,1.4,6585.0,-24.026,1594,10,91
429010,4,TIGER 미국나스닥넥스트100,9560,2,55,0.58,9706.0,,2707,25,91
253150,3,ARIRANG 200선물레버리지,25945,5,-135,-0.52,25875.0,-27.8163,3078,80,91
375760,2,HANARO 탄소효율그린뉴딜,7440,5,-60,-0.8,7456.0,-14.8792,554,4,89
101280,4,KODEX 일본TOPIX100,14840,2,60,0.41,14921.0,-8.0846,125,1,89
403790,1,마이다스 KoreaStock액티브,16805,5,-140,-0.83,16843.0,-12.5871,95,1,88
316300,7,KINDEX 싱가포르리츠,12585,2,175,1.41,12639.0,-0.9182,208,2,88
253230,3,KOSEF 200선물인버스2X,3340,2,25,0.75,3349.0,33.9393,211849,705,88
143460,2,KINDEX 밸류대형,7980,5,-20,-0.25,7944.0,-12.223,35,0,88
100910,1,KOSEF KRX100,4815,5,-20,-0.41,4818.0,-14.44,160146,771,87
291130,4,KINDEX 멕시코MSCI(합성),10770,3,0,0.0,10764.0,-6.1438,154,1,86
295020,6,KBSTAR 국채선물10년인버스,53750,5,-245,-0.45,53800.0,6.8467,18,0,86
429990,7,SOL 한국형글로벌플랫폼&메타버스액티브,9535,2,15,0.16,9667.0,,92,0,86
280320,4,KINDEX 미국IT인터넷S&P(합성 H),10700,2,30,0.28,10773.0,-32.8509,5593,59,86
364690,1,KODEX 혁신기술테마액티브,10690,5,-50,-0.47,10682.0,-10.4851,127,1,86
415920,5,ARIRANG 글로벌희토류전략자원기업MV,8140,5,-230,-2.75,8082.0,-14.9823,11515,93,85
270800,2,KBSTAR KQ고배당,12160,5,-175,-1.42,12099.0,-15.5947,624,7,85
261110,7,TIGER 미국달러선물레버리지,12120,2,70,0.58,12125.0,12.8277,2215,26,85
292750,1,ARIRANG KRX300,14030,5,-85,-0.6,14070.0,-15.3321,79,1,84
145850,2,TREX 펀더멘탈 200,33650,3,0,0.0,33355.0,-11.8048,0,0,84
269370,4,TIGER S&P글로벌인프라(합성),11925,5,-195,-1.61,11998.0,2.2439,336,3,83
410870,2,TIMEFOLIO K컬처액티브,6380,5,-130,-2.0,6396.0,-25.0864,1471,9,83
416090,4,KINDEX 중국과창판STAR50,8245,2,65,0.79,8488.0,-7.5184,5574,45,82
289670,6,ARIRANG 국채선물10년,50140,2,260,0.52,50122.0,-6.6355,398,20,82
433330,4,SOL 미국S&P500,10260,2,130,1.28,10269.0,,45282,463,82
417450,2,KBSTAR 글로벌수소경제Indxx,9595,5,-5,-0.05,9525.0,-17.7026,210,2,82
244620,2,KODEX 모멘텀Plus,10120,5,-45,-0.44,9864.0,-17.3242,12,0,81
373530,4,ARIRANG 신흥국MSCI인버스(합성 H),11190,2,100,0.9,11152.0,8.8856,4050,45,81
252650,1,KODEX 200동일가중,10015,5,-120,-1.18,10003.0,-11.9921,1403,14,80
295000,6,KBSTAR 국채선물10년,49380,2,130,0.26,49390.0,-6.2352,231,11,80
391590,4,KINDEX 미국스팩&IPO INDXX,6645,2,40,0.61,6652.0,-17.8994,8,0,80
261140,2,TIGER 우선주,10195,5,-120,-1.16,10217.0,-11.5276,3245,33,80
371150,4,KBSTAR 차이나항셍테크,6620,2,125,1.92,6620.0,7.5331,4750,31,79
108590,1,TREX 200,31720,5,-30,-0.09,31638.0,-14.1753,44,1,79
432850,4,HANARO 글로벌백신치료제MSCI,9885,2,270,2.81,9969.0,,855,8,79
395270,2,HANARO Fn K-반도체,7845,5,-95,-1.2,7845.0,-18.6976,6260,49,78
367740,2,HANARO Fn5G산업,11200,5,-40,-0.36,11208.0,-13.6249,3349,37,78
205720,4,KINDEX 일본TOPIX인버스(합성 H),4305,3,0,0.0,4321.0,1.8934,11705,50,77
307010,3,KBSTAR KRX300레버리지,11045,5,-155,-1.38,11038.0,-27.8118,1873,21,77
261070,2,TIGER 코스닥150바이오테크,7340,2,10,0.14,7458.0,-18.1372,9816,73,76
139320,5,TIGER 금은선물(H),9530,5,-35,-0.37,9534.0,-6.2715,132,1,76
402460,2,HANARO Fn K-메타버스MZ,7230,5,-45,-0.62,7247.0,-33.0789,3502,25,76
131890,2,KINDEX 삼성그룹동일가중,15045,2,5,0.03,14901.0,-6.135,39,0,75
375270,7,KBSTAR 글로벌데이터센터리츠나스닥(합성),11445,2,315,2.83,11477.0,-5.8376,180,2,74
256450,4,ARIRANG 심천차이넥스트(합성),12360,2,245,2.02,12629.0,-0.7375,657,7,74
333970,2,ARIRANG KS밸류가중TR,13480,5,-120,-0.88,13521.0,-13.815,102,1,74
152500,3,KINDEX 레버리지,5680,5,-30,-0.53,5659.0,-27.5841,29497,166,74
432840,4,HANARO 미국S&P500,9155,3,0,0.0,9317.0,,0,0,73
407160,2,MASTER 테크미디어텔레콤액티브,7675,5,-30,-0.39,7674.0,-18.8093,1418,10,73
137930,3,마이다스 200커버드콜5%OTM,12060,5,-150,-1.23,12145.0,-11.8094,4,0,72
426410,4,ARIRANG 미국대체투자Top10MV,9630,2,110,1.16,9714.0,,1566,15,72
156080,1,KODEX MSCI Korea,14440,5,-45,-0.31,14423.0,-13.9642,90,1,72
275290,2,KODEX MSCI밸류,10285,3,0,0.0,10088.0,-14.306,0,0,72
189400,4,ARIRANG 글로벌MSCI(합성 H),14095,5,-55,-0.39,14185.0,-16.593,1150,16,72
395150,2,KODEX Fn웹툰&드라마,5500,5,-85,-1.52,5511.0,-37.0847,4926,27,72
167860,6,KOSEF 국고채10년레버리지,101845,2,645,0.64,101948.0,-12.6608,927,94,71
237440,7,TIGER 경기방어채권혼합,8880,2,15,0.17,8890.0,-4.2554,2226,19,71
183710,7,KBSTAR 주식혼합,35505,2,5,0.01,35421.0,-10.6806,6,0,71
424460,4,HANARO 글로벌워터MSCI(합성),8790,2,25,0.29,8805.0,,89,0,70
272230,2,KINDEX 스마트밸류,11700,5,-135,-1.14,11721.0,-14.4066,11,0,70
277640,2,TIGER 코스피대형주,11550,5,-35,-0.3,11542.0,-12.8882,2559,29,69
195970,4,ARIRANG 선진국MSCI(합성 H),9735,2,85,0.88,9728.0,-14.7903,2652,25,68
322150,2,KINDEX 스마트하이베타,11335,2,25,0.22,11206.0,-15.0519,10,0,68
228820,1,TIGER KTOP30,8000,5,-60,-0.74,8057.0,-13.9349,360,2,68
337120,2,KODEX Fn멀티팩터,11280,3,0,0.0,11106.0,-13.2442,0,0,68
368200,2,KBSTAR Fn K-뉴딜디지털플러스,8460,5,-5,-0.06,8445.0,-11.1566,37,0,68
381570,2,HANARO Fn친환경에너지,8405,5,-130,-1.52,8420.0,-11.251,709,6,67
429740,7,ARIRANG Fn K리츠,8945,5,-105,-1.16,8957.0,,8822,78,67
269530,4,ARIRANG S&P글로벌인프라,13385,5,-205,-1.51,13367.0,0.8534,668,8,67
426330,4,KOSEF 미국ETF산업STOXX,8900,2,55,0.62,9210.0,,125,1,67
429870,7,히어로즈 리츠이지스액티브,8900,5,-135,-1.49,8929.0,,6734,59,67
403990,2,KBSTAR KRX기후변화솔루션,8325,5,-90,-1.07,8295.0,-4.4185,17,0,67
404650,2,SOL KRX기후변화솔루션,8320,5,-215,-2.52,8365.0,-3.1765,7,0,67
319870,7,KBSTAR KRX300미국달러선물혼합,13285,5,-65,-0.49,13316.0,-9.3994,48,0,66
407170,2,MASTER 스마트커머스액티브,7795,2,5,0.06,7790.0,-16.4164,1964,15,66
322130,2,KINDEX 스마트로우볼,13240,5,-80,-0.6,13243.0,-12.7359,11,0,66
139310,5,TIGER 금속선물(H),6600,5,-125,-1.86,6669.0,-21.8478,7734,50,66
117690,4,TIGER 차이나항셍25,14665,2,185,1.28,14761.0,7.1798,3309,47,66
159800,1,마이티 코스피100,23495,3,0,0.0,23416.0,-14.23,100,2,66
315270,2,TIGER 200커뮤니케이션서비스,20540,2,260,1.28,20636.0,-23.2923,125,2,66
402520,1,FOCUS 혁신기업액티브,7285,5,-70,-0.95,7270.0,-14.8826,34,0,66
192720,2,파워 고배당저변동성,27280,5,-315,-1.14,27332.0,-8.4106,97,2,65
371130,4,KINDEX 베트남VN30선물블룸버그레버리지(H),13030,5,-240,-1.81,12982.0,-36.6739,1596,20,65
419650,2,ARIRANG 글로벌수소&차세대연료전지MV,8620,5,-170,-1.93,8678.0,-25.032,4532,39,65
304670,6,KODEX 미국채울트라30년선물인버스(H),9230,5,-170,-1.81,9233.0,15.4791,18016,166,65
419170,4,HANARO 미국메타버스iSelect,8570,2,65,0.76,8654.0,-16.3306,505,4,64
243890,2,TIGER 200에너지화학레버리지,12755,5,-160,-1.24,12636.0,-5.6956,1686,21,64
379790,4,KBSTAR 유로스탁스50(H),9110,2,65,0.72,9127.0,-9.9104,740,6,64
411860,4,KOSEF 독일DAX,8495,2,20,0.24,8597.0,-8.4279,458,3,64
304760,1,HANARO KRX300,13950,5,-110,-0.78,13972.0,-14.9426,1030,14,63
261060,2,TIGER 코스닥150IT,12980,5,-345,-2.59,12986.0,-18.3317,890,11,62
251890,1,KINDEX 코스닥(합성),10330,5,-380,-3.55,10312.0,-18.9864,812,8,62
238670,7,ARIRANG 스마트베타Quality채권혼합,10215,5,-20,-0.2,10244.0,-4.6133,33,0,61
291620,3,KOSEF 코스닥150선물인버스,9855,2,255,2.66,9874.0,17.8637,16336,158,61
275280,2,KODEX MSCI모멘텀,10125,3,0,0.0,9735.0,-10.8951,0,0,61
098560,2,TIGER 방송통신,8670,5,-5,-0.06,8666.0,-5.3258,28811,247,61
432600,6,KBSTAR 국채선물3년,50025,3,0,0.0,50034.0,,13,0,60
147970,2,TIGER 모멘텀,21415,5,-410,-1.88,21361.0,-10.6302,29,0,60
333950,2,ARIRANG KS로우사이즈가중TR,13295,5,-270,-1.99,13332.0,-16.2138,23,0,60
234310,2,KBSTAR V&S셀렉트밸류,11935,5,-105,-0.87,11925.0,-15.0558,9,0,60
371870,4,KINDEX 차이나항셍테크,6605,2,135,2.09,6603.0,7.5644,6371,41,59
291680,4,KBSTAR 차이나H선물인버스(H),11880,5,-225,-1.86,11899.0,-3.16,226,2,59
166400,3,TIGER 200커버드콜5%OTM,11875,3,0,0.0,11811.0,-13.0356,0,0,59
105780,2,KBSTAR 5대그룹주,5935,5,-5,-0.08,5937.0,-12.3506,693,4,59
305050,1,KINDEX 코스피,23635,5,-230,-0.96,23648.0,-13.1298,1162,27,59
226380,2,KINDEX Fn성장소비주도주,5835,5,-115,-1.93,5830.0,-19.4204,12,0,58
261120,7,TIGER 미국달러선물인버스2X,7255,5,-30,-0.41,7247.0,-12.3346,10879,78,58
427110,2,KBSTAR Fn창업투자회사,7545,5,-340,-4.31,7492.0,,20517,158,57
394340,4,KOSEF 릭소글로벌디지털경제MSCI,7120,2,85,1.21,7156.0,-18.2453,141,1,57
290080,3,KBSTAR 200고배당커버드콜ATM,8025,5,-95,-1.17,8016.0,-3.7915,64,0,56
289480,3,TIGER 200커버드콜ATM,9290,5,-95,-1.01,9308.0,-9.6989,28,0,56
342140,7,KINDEX 싱가포르리츠채권혼합모닝스타,9290,2,20,0.22,9358.0,-5.3599,1,0,56
145670,3,KINDEX 인버스,6185,2,20,0.32,6204.0,15.9924,30914,191,56
266390,2,KODEX 경기소비재,9180,5,-100,-1.08,9199.0,-17.1133,856,7,55
322120,2,KINDEX 스마트퀄리티,13620,2,15,0.11,13520.0,-14.8197,10,0,54
226980,1,KODEX 200 중소형,10895,5,-215,-1.94,10911.0,-14.8268,755,8,54
253240,3,KOSEF 200선물인버스,6535,2,35,0.54,6536.0,16.1751,8913,57,54
299070,6,KINDEX 국채선물10년인버스,108220,5,-1085,-0.99,108299.0,7.9715,33,3,54
277650,2,TIGER 코스피중형주,13505,5,-435,-3.12,13492.0,-12.9023,253,3,54
307520,2,TIGER 지주회사,9755,5,-90,-0.91,9749.0,-3.4615,6763,66,54
307510,2,TIGER 의료기기,13335,5,-365,-2.66,13365.0,-22.7909,949,12,53
292770,6,KODEX 국채선물3년인버스,52290,5,-95,-0.18,52262.0,3.1606,117,6,53
227550,2,TIGER 200 산업재,5905,5,-135,-2.24,5928.0,-6.5739,1655,9,53
427120,2,KBSTAR Fn플랫폼테마,7790,5,-105,-1.33,7733.0,,23,0,53
391670,1,HK 베스트일레븐액티브,7550,5,-35,-0.46,7615.0,-12.9662,27,0,53
272220,2,KINDEX 스마트모멘텀,13090,2,15,0.11,12937.0,-14.2117,10,0,52
299080,6,KINDEX 국채선물3년인버스,104500,5,-510,-0.49,104708.0,3.2749,1,0,52
253280,2,KBSTAR 헬스케어,10440,5,-50,-0.48,10432.0,-16.2275,1153,12,52
252410,3,KBSTAR 200선물인버스,6495,2,50,0.78,6491.0,15.2951,10782,69,52
301410,3,ARIRANG 코스닥150선물인버스,8565,2,230,2.76,8576.0,17.0646,70336,591,51
215620,2,HK S&P코리아로우볼,11385,3,0,0.0,11228.0,-5.2277,0,0,51
333940,2,ARIRANG KS로우볼가중TR,11385,5,-40,-0.35,11427.0,-11.7761,102,1,51
105010,4,TIGER 라틴35,3645,5,-15,-0.41,3646.0,-6.6327,4034,14,51
261920,4,KINDEX 필리핀MSCI(합성),12710,5,-275,-2.12,12639.0,-8.4274,807,10,51
140580,2,KBSTAR 우량업종,10075,5,-100,-0.98,10065.0,-11.6907,31,0,50
295820,1,ARIRANG 200동일가중,9120,5,-115,-1.25,9152.0,-12.5971,130,1,50
285010,2,KBSTAR 200중공업,8770,5,-130,-1.46,8787.0,-9.1466,35984,323,49
267440,6,KBSTAR 미국장기국채선물(H),9785,2,125,1.29,9795.0,-10.1814,3710,36,49
407300,2,HANARO Fn골프테마,6905,5,-160,-2.26,6920.0,-19.1093,3291,22,48
376250,2,ARIRANG 탄소효율그린뉴딜,7425,5,-75,-1.0,7463.0,-14.8695,225,1,48
291890,4,KODEX MSCI EM선물(H),7970,5,-70,-0.87,8022.0,-10.9635,15,0,48
334690,5,KBSTAR 팔라듐선물(H),10560,2,125,1.2,10605.0,-29.6596,4008,41,48
346000,6,HANARO KAP초장기국고채,37425,2,90,0.24,37429.0,-9.5129,654,24,47
220130,4,SOL 중국본토 중소형 CSI500(합성 H),5200,5,-25,-0.48,5210.0,-6.3621,1372,7,47
380340,2,KINDEX Fn5G플러스,6630,5,-130,-1.92,6693.0,-21.1938,1361,9,46
275300,2,KODEX MSCI퀄리티,7655,5,-10,-0.13,7637.0,-14.9468,92,0,46
321410,7,KODEX 멀티에셋하이인컴(H),9150,5,-30,-0.33,9220.0,-10.7004,18,0,46
404470,2,HANARO KRX기후변화솔루션,8275,5,-140,-1.66,8296.0,-3.9384,54,0,46
267490,6,KBSTAR 미국장기국채선물레버리지(합성 H),9030,2,275,3.14,9015.0,-20.1551,1203,10,45
373490,2,KODEX K-이노베이션액티브,8865,5,-145,-1.61,8897.0,-14.5729,1104,9,44
292340,3,마이티 200커버드콜ATM레버리지,7380,5,-175,-2.32,7378.0,-18.8507,3,0,44
139290,2,TIGER 200 경기소비재,14450,5,-55,-0.38,14513.0,-4.679,404,5,43
391680,1,HK 하이볼액티브,7180,5,-45,-0.62,7168.0,-14.8999,31,0,43
281990,2,KBSTAR 중소형고배당,10520,5,-220,-2.05,10552.0,-11.1443,194,2,42
280940,5,KODEX 골드선물인버스(H),7010,3,0,0.0,7048.0,5.6518,1258,8,42
140570,2,KBSTAR 수출주,10260,5,-150,-1.44,10238.0,-10.3437,5117,53,41
412560,2,TIGER KRX BBIG K-뉴딜레버리지,3880,5,-10,-0.26,3897.0,-32.23,7943,31,41
267500,6,KBSTAR 미국장기국채선물인버스2X(합성 H),8105,5,-195,-2.35,8040.0,22.2385,18960,151,41
275750,3,KBSTAR 코스닥150선물인버스,5705,2,150,2.7,5712.0,17.6906,51328,289,40
314700,2,HANARO 농업융복합산업,11315,5,-200,-1.74,11342.0,-0.6557,8754,98,40
217790,2,TIGER 가격조정,19745,3,0,0.0,18930.0,-14.3161,0,0,39
301440,2,ARIRANG 코스피중형주,9840,5,-170,-1.7,9870.0,-14.0035,114,1,39
244660,2,KODEX 퀄리티Plus,7820,5,-140,-1.76,7830.0,-18.9245,162,1,39
227560,2,TIGER 200 생활소비재,8470,2,20,0.24,8500.0,-9.4417,2536,21,39
291630,3,KOSEF 코스닥150선물레버리지,3505,5,-190,-5.14,3507.0,-33.3634,34380,123,37
333960,2,ARIRANG KS모멘텀가중TR,12345,5,-170,-1.36,12380.0,-14.5443,16,0,37
306530,3,HANARO 코스닥150선물레버리지,7120,5,-325,-4.37,7078.0,-32.8069,28324,208,37
284980,2,KBSTAR 200금융,7750,5,-100,-1.27,7760.0,-12.8553,1397,11,36
278420,2,ARIRANG ESG우수기업,7915,5,-110,-1.37,7939.0,-9.9529,267,2,36
157500,2,TIGER 증권,3455,5,-35,-1.0,3465.0,-20.2286,3412,11,35
266550,2,ARIRANG 중형주저변동50,9740,5,-125,-1.27,9751.0,-10.5865,62,0,34
368470,2,KINDEX Fn K-뉴딜디지털플러스,10210,2,100,0.99,10088.0,-11.3858,110,1,31
333980,2,ARIRANG KS퀄리티가중TR,12230,5,-45,-0.37,12268.0,-15.2865,32,0,31
334700,5,KBSTAR 팔라듐선물인버스(H),4820,5,-35,-0.72,4914.0,26.5971,6944,33,29
176710,6,파워 중기국고채,95595,3,0,0.0,95697.0,-2.5039,0,0,29
287300,2,KBSTAR 200건설,9455,5,-400,-4.06,9466.0,-20.6586,1102,10,28
280920,2,ARIRANG 주도업종,7885,5,-140,-1.74,7913.0,-15.4284,26,0,28
252730,2,KBSTAR 모멘텀로우볼,13105,5,-165,-1.24,13098.0,-13.7696,4,0,26
309210,2,ARIRANG KRX300헬스케어,8405,2,50,0.6,8476.0,-13.1046,105,0,25
301400,1,ARIRANG 코스닥150,10455,5,-300,-2.79,10551.0,-17.3138,4344,45,21
315480,2,KBSTAR 200커뮤니케이션서비스,12850,2,195,1.54,12839.0,-23.126,7,0,18
285020,2,KBSTAR 200철강소재,7310,5,-215,-2.86,7316.0,-14.943,4386,32,18
252720,2,KBSTAR 모멘텀밸류,12010,5,-150,-1.23,11986.0,-12.1324,50,0,12
284990,2,KBSTAR 200에너지화학,10650,5,-150,-1.39,10633.0,-1.1442,586,6,11
287330,2,KBSTAR 200생활소비재,6435,2,30,0.47,6432.0,-9.3675,37,0,9
287320,2,KBSTAR 200산업재,10740,5,-260,-2.36,10756.0,-6.5103,243,2,9
287310,2,KBSTAR 200경기소비재,9075,5,-20,-0.22,9083.0,-4.7046,505,4,7
